C:\Users\danil\Desktop\pyCharm\lab_1\venv\Scripts\python.exe C:/Users/danil/Desktop/pyCharm/lab_1/project3.py
Введите размерность матрицы: 
10
Инициализация симметричной матрицы A размером n*n: 
[[8. 3. 1. 9. 3. 7. 2. 3. 8. 2.]
 [3. 8. 6. 2. 2. 8. 9. 7. 8. 9.]
 [1. 6. 5. 2. 6. 4. 9. 3. 3. 4.]
 [9. 2. 2. 5. 8. 2. 3. 5. 6. 4.]
 [3. 2. 6. 8. 7. 6. 1. 6. 4. 7.]
 [7. 8. 4. 2. 6. 4. 1. 2. 2. 2.]
 [2. 9. 9. 3. 1. 1. 4. 7. 2. 2.]
 [3. 7. 3. 5. 6. 2. 7. 4. 8. 2.]
 [8. 8. 3. 6. 4. 2. 2. 8. 4. 8.]
 [2. 9. 4. 4. 7. 2. 2. 2. 8. 5.]] 

Инициализация вектора v0:
[ 0.6 -0.6  0.5 -0.2 -0.1  0.5 -0.9 -0.5 -0.5 -0.2] 

Минимальное собственное значение:  0.7973452238658691



(array([47.8529323 , 14.46022705, -9.97280268, -9.34191757, -6.64654341,
       -2.98091357,  0.79758375,  7.59367088,  6.23442364,  6.00333962]), array([[-3.01062229e-01,  5.11682820e-01,  2.92795465e-01,
        -6.68958646e-02, -4.25680495e-01, -1.62543100e-01,
        -2.68016394e-01, -4.46791240e-01,  2.43006958e-01,
         1.38586653e-01],
       [-4.07910674e-01, -3.99170688e-01,  4.03190241e-01,
        -3.95573297e-01,  1.91557279e-01,  3.20208028e-01,
         1.29906897e-01, -3.00319420e-01, -2.44894645e-01,
         2.21275224e-01],
       [-2.81008643e-01, -3.56886125e-01,  2.73051881e-01,
         1.62292437e-01,  2.90976429e-01, -4.72460038e-01,
        -4.10871116e-01,  2.93814174e-01,  3.49062186e-01,
         8.88720992e-02],
       [-3.03243131e-01,  4.19605828e-01, -1.04126226e-02,
         1.41519603e-01,  5.09345581e-01,  5.32900634e-01,
        -2.06413252e-01,  1.02522974e-01,  1.69578051e-01,
        -2.94190786e-01],
       [-3.22768725e-01,  2.24210250e-01,  4.37448579e-03,
        -4.73852591e-01, -2.52046862e-01, -1.54245121e-02,
         2.45973438e-01,  6.99171314e-01,  5.98221110e-02,
         6.56278881e-02],
       [-2.57445956e-01,  6.99979476e-02, -3.87148239e-01,
         3.27949969e-01,  1.39834090e-01,  3.71612142e-02,
         3.18564217e-01, -6.08806774e-02,  1.93175552e-01,
         7.12703294e-01],
       [-2.70574088e-01, -4.37890579e-01, -5.05073615e-01,
        -1.12001303e-01, -3.69445097e-01,  2.53889823e-01,
        -1.84318788e-01, -1.29601335e-01,  3.89696072e-01,
        -2.52616674e-01],
       [-3.18358593e-01, -7.54113980e-02,  2.51527072e-01,
         4.33738313e-01, -1.26327602e-01, -1.35376322e-01,
         6.25640971e-01, -6.50108274e-02,  9.59563244e-02,
        -4.49911186e-01],
       [-3.58836220e-01,  1.41227832e-01, -4.56271657e-01,
        -2.42209665e-01,  2.94970698e-01, -5.10845115e-01,
         4.81434774e-04, -2.24455637e-01, -3.63730435e-01,
        -2.31929045e-01],
       [-3.13471098e-01, -5.34453766e-02, -2.43053169e-02,
         4.48613284e-01, -3.39800639e-01,  1.35928629e-01,
        -3.35385662e-01,  2.22256327e-01, -6.29370442e-01,
         7.14506818e-02]]))

Process finished with exit code 0
