p = 4
comm.recv:  0 <- 1 , 0.9843749999999849
comm.recv:  0 <- 2 , 2.6718749999999765
comm.recv:  0 <- 3 , 5.203124999999966
The integral from 0.0 to 3.0 = 8.999999999999927
